(base) holabrb@franka:~/Desktop/franka_soryeong-20260821T102527Z-1-001/franka_soryeong/combined_teleop$ python show_zarr_timeline.py --zarr_path data/demo_data/dataset.zarr --episode 0 --csv_out timeline_ep0.csv

에피소드 0: 245 스텝, 총 83.5초
------------------------------------------------------------------------------------------
 step elapsed(s)   dt(ms)     mode                   franka_xyz              pwm
------------------------------------------------------------------------------------------
    0       0.00      0.0   franka          [0.485,0.047,0.376]          [0,0,0]
   20       1.01     51.0   franka          [0.485,0.047,0.376]          [0,0,0]
   40       2.02     50.1   franka          [0.492,0.046,0.370]          [0,0,0]
   60       3.03     51.0   franka          [0.473,0.066,0.341]          [0,0,0]
   80       4.05     50.5   franka          [0.470,0.092,0.341]          [0,0,0]
   96       5.41    605.7  gripper          [0.470,0.107,0.340]          [0,0,0]  <== [GAP!]
   97       5.68    268.4  gripper          [0.470,0.107,0.340]          [0,0,0]  <== [GAP!]
   98       5.94    260.4  gripper          [0.470,0.107,0.340]          [0,0,0]  <== [GAP!]
   99       6.20    263.7  gripper          [0.470,0.107,0.340]          [0,0,0]  <== [GAP!]
  100       6.47    265.4  gripper          [0.470,0.107,0.340]          [0,0,0]  <== [GAP!]
  101       6.73    258.3  gripper          [0.470,0.107,0.340]          [0,0,0]  <== [GAP!]
  102       7.01    279.9  gripper          [0.470,0.107,0.340]          [0,0,0]  <== [GAP!]
  103       7.27    259.4  gripper          [0.470,0.107,0.340]          [3,0,2]  <== [GAP!]
  104       7.52    255.1  gripper          [0.470,0.107,0.340]          [7,0,4]  <== [GAP!]
  105       7.77    252.0  gripper          [0.470,0.107,0.340]         [10,2,6]  <== [GAP!]
  106       8.04    264.7  gripper          [0.470,0.107,0.340]         [12,3,8]  <== [GAP!]
  107       8.29    253.7  gripper          [0.470,0.107,0.340]         [13,3,8]  <== [GAP!]
  108       8.56    268.1  gripper          [0.470,0.107,0.340]        [15,4,10]  <== [GAP!]
  109       8.81    252.3  gripper          [0.470,0.107,0.340]        [18,5,12]  <== [GAP!]
  110       9.08    264.1  gripper          [0.470,0.107,0.340]        [21,7,14]  <== [GAP!]
  111       9.33    257.2  gripper          [0.470,0.107,0.340]        [24,8,16]  <== [GAP!]
  112       9.59    261.4  gripper          [0.470,0.107,0.340]        [26,9,18]  <== [GAP!]
  113       9.85    258.5  gripper          [0.470,0.107,0.340]       [26,10,18]  <== [GAP!]
  114      10.12    266.9  gripper          [0.470,0.107,0.340]       [26,10,18]  <== [GAP!]
  115      10.38    257.0  gripper          [0.470,0.107,0.340]       [26,10,18]  <== [GAP!]
  116      10.63    253.5  gripper          [0.470,0.107,0.341]       [26,10,18]  <== [GAP!]
  117      10.89    259.6  gripper          [0.470,0.107,0.341]       [26,10,18]  <== [GAP!]
  118      11.15    259.5  gripper          [0.470,0.107,0.341]       [26,10,18]  <== [GAP!]
  119      11.41    257.9  gripper          [0.470,0.107,0.341]       [26,10,18]  <== [GAP!]
  120      11.63    224.2  gripper          [0.470,0.107,0.341]       [26,10,18]  <== [GAP!]
  121      15.27   3636.2  gripper          [0.488,0.066,0.340]       [26,10,18]  <== [GAP!]
  122      15.53    266.9  gripper          [0.488,0.066,0.340]       [26,10,18]  <== [GAP!]
  123      15.79    253.7  gripper          [0.488,0.066,0.340]       [26,10,18]  <== [GAP!]
  124      16.05    266.5  gripper          [0.488,0.066,0.340]       [26,10,18]  <== [GAP!]
  125      16.32    264.6  gripper          [0.488,0.066,0.340]       [26,10,18]  <== [GAP!]
  126      16.54    224.3  gripper          [0.488,0.066,0.340]          [0,0,0]  <== [GAP!]
  127      16.77    227.1  gripper          [0.488,0.066,0.340]          [0,0,0]  <== [GAP!]
  128      17.03    259.9  gripper          [0.488,0.066,0.340]          [0,0,0]  <== [GAP!]
  129      17.29    256.2  gripper          [0.488,0.066,0.340]          [0,0,0]  <== [GAP!]
  130      17.54    257.6  gripper          [0.488,0.066,0.340]          [0,0,0]  <== [GAP!]
  131      17.80    251.6  gripper          [0.488,0.066,0.340]          [0,0,0]  <== [GAP!]
  132      18.06    268.5  gripper          [0.488,0.066,0.340]          [0,0,0]  <== [GAP!]
  133      18.29    230.0  gripper          [0.488,0.066,0.340]          [0,0,0]  <== [GAP!]
  134      20.92   2631.0  gripper          [0.479,0.089,0.334]          [0,0,0]  <== [GAP!]
  135      21.19    268.3  gripper          [0.479,0.089,0.334]          [0,0,0]  <== [GAP!]
  136      21.46    268.4  gripper          [0.479,0.089,0.334]          [0,0,0]  <== [GAP!]
  137      21.72    255.9  gripper          [0.479,0.089,0.334]          [0,0,0]  <== [GAP!]
  138      21.98    261.4  gripper          [0.479,0.089,0.334]          [0,0,0]  <== [GAP!]
  139      22.24    261.8  gripper          [0.479,0.089,0.334]          [0,0,0]  <== [GAP!]
  140      22.50    262.0  gripper          [0.479,0.089,0.334]          [0,0,0]  <== [GAP!]
  141      22.76    259.5  gripper          [0.479,0.089,0.334]          [0,0,0]  <== [GAP!]
  142      23.03    264.8  gripper          [0.479,0.089,0.334]          [0,0,0]  <== [GAP!]
  143      23.29    263.9  gripper          [0.479,0.089,0.334]          [3,0,1]  <== [GAP!]
  144      23.55    258.6  gripper          [0.479,0.089,0.334]          [6,1,3]  <== [GAP!]
  145      23.80    250.4  gripper          [0.479,0.089,0.334]          [9,3,6]  <== [GAP!]
  146      24.07    268.7  gripper          [0.479,0.089,0.334]         [11,3,7]  <== [GAP!]
  147      24.33    256.6  gripper          [0.479,0.089,0.334]         [11,3,7]  <== [GAP!]
  148      24.58    256.0  gripper          [0.479,0.089,0.334]         [13,3,8]  <== [GAP!]
  149      24.84    258.7  gripper          [0.479,0.089,0.334]         [15,4,9]  <== [GAP!]
  150      25.10    261.5  gripper          [0.479,0.089,0.334]        [17,5,10]  <== [GAP!]
  151      25.37    264.2  gripper          [0.479,0.089,0.334]        [20,7,12]  <== [GAP!]
  152      25.62    255.4  gripper          [0.479,0.089,0.334]        [22,7,13]  <== [GAP!]
  153      25.88    258.3  gripper          [0.479,0.089,0.334]        [25,9,16]  <== [GAP!]
  154      26.14    256.4  gripper          [0.479,0.089,0.334]        [26,9,17]  <== [GAP!]
  155      26.41    271.6  gripper          [0.479,0.089,0.334]        [26,9,17]  <== [GAP!]
  156      26.67    263.3  gripper          [0.479,0.089,0.334]        [26,9,17]  <== [GAP!]
  157      26.93    259.1  gripper          [0.479,0.089,0.334]        [26,9,17]  <== [GAP!]
  158      27.19    256.2  gripper          [0.479,0.089,0.334]        [26,9,17]  <== [GAP!]
  159      27.45    260.8  gripper          [0.479,0.089,0.334]        [26,9,17]  <== [GAP!]
  160      27.70    254.1  gripper          [0.479,0.089,0.334]        [26,9,17]  <== [GAP!]
  161      27.93    228.4  gripper          [0.479,0.089,0.334]        [26,9,17]  <== [GAP!]
  162      35.27   7343.4  gripper          [0.483,0.132,0.437]        [26,9,17]  <== [GAP!]
  163      35.54    263.0  gripper          [0.483,0.132,0.437]        [26,9,17]  <== [GAP!]
  164      35.79    259.1  gripper          [0.483,0.132,0.437]        [26,9,17]  <== [GAP!]
  165      36.06    264.7  gripper          [0.483,0.132,0.437]        [26,9,17]  <== [GAP!]
  166      36.33    266.0  gripper          [0.483,0.132,0.437]        [26,9,17]  <== [GAP!]
  167      36.59    259.5  gripper          [0.483,0.132,0.437]        [26,9,17]  <== [GAP!]
  168      36.84    259.8  gripper          [0.483,0.132,0.437]        [26,9,17]  <== [GAP!]
  169      37.11    261.9  gripper          [0.483,0.132,0.437]        [26,9,17]  <== [GAP!]
  170      37.44    329.5  release          [0.483,0.132,0.437]        [26,9,17]  <== [GAP!]
  171      37.66    227.7  gripper          [0.483,0.132,0.437]        [26,9,17]  <== [GAP!]
  172      37.92    255.0  gripper          [0.483,0.132,0.437]        [26,9,17]  <== [GAP!]
  173      38.20    285.7  gripper          [0.483,0.132,0.437]        [26,9,17]  <== [GAP!]
  174      38.45    245.5  gripper          [0.483,0.132,0.437]          [0,0,0]  <== [GAP!]
  175      38.69    235.2  gripper          [0.483,0.132,0.437]          [0,0,0]  <== [GAP!]
  176      38.94    259.4  gripper          [0.483,0.132,0.437]          [0,0,0]  <== [GAP!]
  177      39.21    264.1  gripper          [0.483,0.132,0.437]          [0,0,0]  <== [GAP!]
  178      39.45    237.0  gripper          [0.483,0.132,0.437]          [0,0,0]  <== [GAP!]
  179      48.69   9246.8  gripper          [0.594,0.064,0.245]          [0,0,0]  <== [GAP!]
  180      48.95    260.1  gripper          [0.594,0.064,0.245]          [0,0,0]  <== [GAP!]
  181      49.22    268.6  gripper          [0.594,0.064,0.245]          [0,0,0]  <== [GAP!]
  182      49.49    266.0  gripper          [0.594,0.064,0.245]          [0,0,0]  <== [GAP!]
  183      49.74    251.9  gripper          [0.594,0.064,0.245]          [0,0,0]  <== [GAP!]
  184      50.01    266.4  gripper          [0.594,0.064,0.245]          [0,0,0]  <== [GAP!]
  185      50.27    262.1  gripper          [0.594,0.064,0.245]          [0,0,0]  <== [GAP!]
  186      50.54    268.4  gripper          [0.594,0.064,0.245]          [0,0,0]  <== [GAP!]
  187      50.79    255.5  gripper          [0.594,0.064,0.245]          [0,0,0]  <== [GAP!]
  188      51.06    268.7  gripper          [0.594,0.064,0.245]          [0,0,0]  <== [GAP!]
  189      51.32    263.9  gripper          [0.594,0.064,0.245]          [0,0,0]  <== [GAP!]
  190      51.59    265.4  gripper          [0.594,0.064,0.245]          [0,0,0]  <== [GAP!]
  191      51.85    259.0  gripper          [0.594,0.064,0.245]          [0,0,0]  <== [GAP!]
  192      52.11    266.5  gripper          [0.594,0.064,0.245]          [1,0,0]  <== [GAP!]
  193      52.38    267.1  gripper          [0.594,0.064,0.245]          [4,0,2]  <== [GAP!]
  194      52.65    266.0  gripper          [0.594,0.064,0.245]          [7,1,4]  <== [GAP!]
  195      52.92    268.6  gripper          [0.594,0.064,0.245]         [11,2,6]  <== [GAP!]
  196      53.19    270.2  gripper          [0.594,0.064,0.245]         [14,4,8]  <== [GAP!]
  197      53.45    267.7  gripper          [0.594,0.064,0.245]        [17,5,11]  <== [GAP!]
  198      53.72    261.7  gripper          [0.594,0.064,0.245]        [20,7,14]  <== [GAP!]
  199      53.99    269.6  gripper          [0.594,0.064,0.245]        [22,9,16]  <== [GAP!]
  200      54.25    268.4  gripper          [0.594,0.064,0.245]       [25,10,19]  <== [GAP!]
  201      54.53    271.0  gripper          [0.594,0.064,0.245]       [26,11,21]  <== [GAP!]
  202      54.80    269.9  gripper          [0.594,0.064,0.245]       [26,11,21]  <== [GAP!]
  203      55.07    270.3  gripper          [0.594,0.064,0.245]       [26,11,21]  <== [GAP!]
  204      55.33    267.3  gripper          [0.594,0.064,0.245]       [26,11,21]  <== [GAP!]
  205      55.60    270.6  gripper          [0.594,0.064,0.245]       [26,11,21]  <== [GAP!]
  206      55.88    279.4  gripper          [0.594,0.064,0.245]       [26,11,21]  <== [GAP!]
  207      68.93  13051.7  gripper          [0.491,0.098,0.345]       [26,11,21]  <== [GAP!]
  208      69.23    293.5  gripper          [0.491,0.098,0.345]       [26,11,21]  <== [GAP!]
  209      69.50    273.0  gripper          [0.491,0.098,0.345]       [26,11,21]  <== [GAP!]
  210      69.76    259.6  gripper          [0.491,0.098,0.345]       [26,11,21]  <== [GAP!]
  211      70.03    265.7  gripper          [0.491,0.098,0.345]       [26,11,21]  <== [GAP!]
  212      70.30    273.1  gripper          [0.491,0.098,0.345]       [26,11,21]  <== [GAP!]
  213      70.56    265.3  gripper          [0.491,0.098,0.345]       [26,11,21]  <== [GAP!]
  214      70.90    330.7  release          [0.491,0.098,0.345]       [26,11,21]  <== [GAP!]
  215      71.13    234.2  release          [0.491,0.098,0.345]       [26,11,21]  <== [GAP!]
  216      71.39    262.4  gripper          [0.491,0.098,0.345]       [26,11,21]  <== [GAP!]
  217      71.65    259.3  gripper          [0.491,0.098,0.345]       [26,11,21]  <== [GAP!]
  218      71.88    231.4  gripper          [0.491,0.098,0.345]          [0,0,0]  <== [GAP!]
  219      72.12    239.7  gripper          [0.491,0.098,0.345]          [0,0,0]  <== [GAP!]
  220      72.39    263.1  gripper          [0.491,0.098,0.345]          [0,0,0]  <== [GAP!]
  221      72.65    267.0  gripper          [0.491,0.098,0.345]          [0,0,0]  <== [GAP!]
  222      72.89    233.5  gripper          [0.491,0.098,0.345]          [0,0,0]  <== [GAP!]
  223      77.92   5034.9  gripper          [0.484,0.158,0.420]          [0,0,0]  <== [GAP!]
  224      78.18    261.1  gripper          [0.484,0.158,0.420]          [0,0,0]  <== [GAP!]
  225      78.45    263.9  gripper          [0.484,0.158,0.420]          [0,0,0]  <== [GAP!]
  226      78.70    254.6  gripper          [0.484,0.158,0.420]          [0,0,0]  <== [GAP!]
  227      78.97    265.9  gripper          [0.484,0.158,0.420]          [0,0,0]  <== [GAP!]
  228      79.24    270.6  gripper          [0.484,0.158,0.420]          [0,0,0]  <== [GAP!]
  229      79.52    279.1  gripper          [0.484,0.158,0.420]          [0,0,0]  <== [GAP!]
  230      79.78    263.8  gripper          [0.484,0.158,0.420]          [2,0,0]  <== [GAP!]
  231      80.05    272.1  gripper          [0.484,0.158,0.420]          [5,0,2]  <== [GAP!]
  232      80.32    264.2  gripper          [0.484,0.158,0.420]          [8,1,4]  <== [GAP!]
  233      80.59    270.6  gripper          [0.484,0.158,0.420]         [11,3,6]  <== [GAP!]
  234      80.85    262.2  gripper          [0.484,0.158,0.420]         [11,3,6]  <== [GAP!]
  235      81.12    266.2  gripper          [0.484,0.158,0.420]         [11,3,6]  <== [GAP!]
  236      81.38    268.3  gripper          [0.484,0.158,0.420]         [11,3,6]  <== [GAP!]
  237      81.65    266.7  gripper          [0.484,0.158,0.420]         [11,3,6]  <== [GAP!]
  238      81.91    263.0  gripper          [0.484,0.158,0.420]         [13,3,8]  <== [GAP!]
  239      82.17    260.5  gripper          [0.484,0.157,0.420]        [16,4,10]  <== [GAP!]
  240      82.44    264.2  gripper          [0.484,0.157,0.420]        [19,6,12]  <== [GAP!]
  241      82.70    262.2  gripper          [0.484,0.157,0.420]        [19,6,12]  <== [GAP!]
  242      82.97    269.2  gripper          [0.484,0.157,0.420]        [19,6,12]  <== [GAP!]
  243      83.23    264.7  gripper          [0.484,0.157,0.420]        [19,6,12]  <== [GAP!]
  244      83.47    234.8  gripper          [0.484,0.157,0.420]        [19,6,12]  <== [GAP!]

